0.0028140 0.0402984 0.0710555 0.0822682 0.0828481 0.0791610 0.0714444 0.0626619 0.0609372 0.0636047 0.0661800 0.0676350 0.0682125 0.0684187 0.0685867 0.0683724 0.0677140 0.0669787 0.0663865 0.0659437 0.0656004 0.0652993 0.0650322 0.0648036 0.0645901 0.0643667 0.0641260 0.0638707 0.0636073 0.0633401
0.0000002 0.0028659 0.0541558 0.1682226 0.2720353 0.3332792 0.3584982 0.3606744 0.3501666 0.3384626 0.3324171 0.3324928 0.3352415 0.3381240 0.3402544 0.3417323 0.3427277 0.3431446 0.3430163 0.3426417 0.3423377 0.3422326 0.3423214 0.3425447 0.3428628 0.3432469 0.3436620 0.3440716 0.3444554 0.3448108
0.0000000 0.0000000 0.0000083 0.0008614 0.0103172 0.0430782 0.1029001 0.1720830 0.2261661 0.2587295 0.2744079 0.2786373 0.2771114 0.2746571 0.2736611 0.2743825 0.2760818 0.2779903 0.2797086 0.2810782 0.2820309 0.2825906 0.2828846 0.2830782 0.2833019 0.2836170 0.2840331 0.2845374 0.2851084 0.2857210
0.0000000 0.0000000 0.0000000 0.0000000 0.0000040 0.0001728 0.0021394 0.0114623 0.0339263 0.0678178 0.1066889 0.1434210 0.1730235 0.1934582 0.2053700 0.2111260 0.2134857 0.2146111 0.2156811 0.2170320 0.2185667 0.2200934 0.2214504 0.2225410 0.2233463 0.2239180 0.2243466 0.2247240 0.2251159 0.2255571
0.0000000 0.0000000 0.0000000 0.0000000 0.0000000 0.0000000 0.0000015 0.0000486 0.0005390 0.0028604 0.0094514 0.0225879 0.0426620 0.0675456 0.0937379 0.1178996 0.1377366 0.1522691 0.1618270 0.1676162 0.1710555 0.1732975 0.1750383 0.1765886 0.1780269 0.1793309 0.1804552 0.1813755 0.1821037 0.1826830
0.0000000 0.0000000 0.0000000 0.0000000 0.0000000 0.0000000 0.0000000 0.0000000 0.0000006 0.0000115 0.0001093 0.0006145 0.0023339 0.0065574 0.0146009 0.0271112 0.0436018 0.0624694 0.0815465 0.0988733 0.1131936 0.1240930 0.1318465 0.1371311 0.1407176 0.1432590 0.1452017 0.1467988 0.1481664 0.1493441
0.0000000 0.0000000 0.0000000 0.0000000 0.0000000 0.0000000 0.0000000 0.0000000 0.0000000 0.0000000 0.0000001 0.0000021 0.0000198 0.0001202 0.0005146 0.0016709 0.0043413 0.0093869 0.0174101 0.0284188 0.0417318 0.0561651 0.0703871 0.0832765 0.0941379 0.1027467 0.1092540 0.1140303 0.1175134 0.1200998
0.0000000 0.0000000 0.0000000 0.0000000 0.0000000 0.0000000 0.0000000 0.0000000 0.0000000 0.0000000 0.0000000 0.0000000 0.0000000 0.0000003 0.0000033 0.0000216 0.0001036 0.0003835 0.0011409 0.0028212 0.0059643 0.0110386 0.0182458 0.0273996 0.0379382 0.0490679 0.0599601 0.0699285 0.0785356 0.0856134
0.0000000 0.0000000 0.0000000 0.0000000 0.0000000 0.0000000 0.0000000 0.0000000 0.0000000 0.0000000 0.0000000 0.0000000 0.0000000 0.0000000 0.0000000 0.0000001 0.0000005 0.0000037 0.0000193 0.0000796 0.0002656 0.0007396 0.0017621 0.0036692 0.0068004 0.0113946 0.0174961 0.0249115 0.0332360 0.0419417
0.0000000 0.0000000 0.0000000 0.0000000 0.0000000 0.0000000 0.0000000 0.0000000 0.0000000 0.0000000 0.0000000 0.0000000 0.0000000 0.0000000 0.0000000 0.0000000 0.0000000 0.0000000 0.0000001 0.0000006 0.0000033 0.0000149 0.0000549 0.0001700 0.0004516 0.0010497 0.0021697 0.0040446 0.0068837 0.0108123
