0.0005744 0.0098418 0.0233132 0.0487310 0.0794807 0.0990408 0.1085048 0.0899932 0.0754789 0.0702839 0.0653589 0.0626238 0.0608824 0.0616906 0.0632271 0.0655490 0.0670181 0.0675601 0.0669624 0.0670251 0.0657168 0.0654078 0.0644546 0.0637694 0.0635527 0.0630395 0.0631864 0.0630892 0.0625361 0.0624337
0.0000001 0.0006938 0.0152725 0.0831132 0.1918927 0.2679197 0.3351924 0.3664431 0.3773249 0.3753238 0.3809394 0.3729524 0.3555903 0.3352116 0.3269340 0.3253583 0.3268272 0.3315348 0.3347487 0.3392732 0.3405714 0.3431949 0.3424867 0.3413796 0.3417023 0.3398108 0.3392969 0.3401435 0.3384658 0.3400230
0.0000000 0.0000000 0.0000016 0.0002760 0.0046717 0.0216371 0.0561480 0.1004823 0.1525820 0.1989666 0.2617127 0.2899330 0.3058939 0.3099853 0.3085731 0.3005225 0.2890343 0.2793285 0.2723357 0.2699515 0.2714250 0.2739271 0.2772823 0.2799709 0.2825548 0.2828455 0.2826174 0.2832314 0.2820713 0.2824374
0.0000000 0.0000000 0.0000000 0.0000000 0.0000011 0.0000523 0.0007535 0.0045149 0.0159371 0.0359438 0.0679972 0.0946804 0.1216436 0.1583675 0.1866476 0.2123901 0.2305244 0.2351563 0.2380074 0.2326725 0.2264402 0.2204529 0.2167782 0.2156936 0.2165455 0.2177271 0.2197458 0.2221170 0.2230534 0.2241142
0.0000000 0.0000000 0.0000000 0.0000000 0.0000000 0.0000000 0.0000003 0.0000123 0.0001776 0.0011284 0.0046791 0.0110304 0.0204911 0.0370632 0.0547258 0.0773276 0.1036824 0.1242682 0.1512595 0.1673918 0.1809252 0.1859187 0.1872487 0.1851961 0.1821737 0.1791408 0.1773461 0.1769439 0.1770841 0.1785214
0.0000000 0.0000000 0.0000000 0.0000000 0.0000000 0.0000000 0.0000000 0.0000000 0.0000001 0.0000033 0.0000436 0.0002462 0.0008997 0.0028371 0.0063488 0.0125205 0.0221410 0.0329049 0.0503000 0.0670296 0.0881863 0.1059038 0.1236516 0.1363642 0.1455682 0.1507514 0.1524947 0.1517539 0.1503222 0.1490844
0.0000000 0.0000000 0.0000000 0.0000000 0.0000000 0.0000000 0.0000000 0.0000000 0.0000000 0.0000000 0.0000000 0.0000007 0.0000064 0.0000439 0.0001859 0.0006280 0.0017344 0.0036577 0.0076312 0.0130335 0.0217591 0.0319245 0.0455909 0.0598802 0.0753934 0.0901976 0.1031912 0.1128233 0.1198208 0.1240085
0.0000000 0.0000000 0.0000000 0.0000000 0.0000000 0.0000000 0.0000000 0.0000000 0.0000000 0.0000000 0.0000000 0.0000000 0.0000000 0.0000001 0.0000010 0.0000069 0.0000352 0.0001229 0.0004057 0.0010064 0.0023415 0.0045141 0.0082766 0.0134942 0.0208560 0.0300782 0.0410609 0.0527130 0.0645763 0.0757905
0.0000000 0.0000000 0.0000000 0.0000000 0.0000000 0.0000000 0.0000000 0.0000000 0.0000000 0.0000000 0.0000000 0.0000000 0.0000000 0.0000000 0.0000000 0.0000000 0.0000002 0.0000010 0.0000059 0.0000238 0.0000868 0.0002449 0.0006316 0.0013788 0.0027695 0.0050245 0.0084747 0.0132394 0.0194138 0.0270067
0.0000000 0.0000000 0.0000000 0.0000000 0.0000000 0.0000000 0.0000000 0.0000000 0.0000000 0.0000000 0.0000000 0.0000000 0.0000000 0.0000000 0.0000000 0.0000000 0.0000000 0.0000000 0.0000000 0.0000001 0.0000009 0.0000042 0.0000167 0.0000534 0.0001512 0.0003706 0.0008186 0.0016308 0.0029716 0.0050607
