0.1598501 0.1615389 0.1639390 0.1654449 0.1598941 0.1542522 0.1589321 0.1624917 0.1573721 0.1636780 0.1586047 0.1645815 0.1610830 0.1606589 0.1625467 0.1558430 0.1606640 0.1570096 0.1612017 0.1616357
0.1530047 0.1576637 0.1535852 0.1546523 0.1507121 0.1544243 0.1543331 0.1549967 0.1526176 0.1509733 0.1578051 0.1538708 0.1531012 0.1554710 0.1576707 0.1561980 0.1508278 0.1543597 0.1551737 0.1562860
0.1383189 0.1410461 0.1395132 0.1404252 0.1379500 0.1438650 0.1408630 0.1385439 0.1421271 0.1381978 0.1407434 0.1398877 0.1350811 0.1417941 0.1446600 0.1444448 0.1406616 0.1413393 0.1417275 0.1460250
0.1442338 0.1456515 0.1443009 0.1467729 0.1398906 0.1520739 0.1417724 0.1457837 0.1493952 0.1429562 0.1463680 0.1500606 0.1386093 0.1502845 0.1503262 0.1482930 0.1503103 0.1461993 0.1393676 0.1523681
0.1071654 0.1045269 0.1078342 0.1135983 0.1017050 0.1093091 0.1030275 0.1114366 0.1094598 0.1119885 0.1082880 0.1125817 0.1088965 0.1125043 0.1133344 0.1127211 0.1092033 0.1070419 0.1052320 0.1071477
0.1158236 0.1092134 0.1134871 0.1141549 0.1097794 0.1121830 0.1111293 0.1145248 0.1131381 0.1137488 0.1168974 0.1152339 0.1156942 0.1179887 0.1176590 0.1131608 0.1166579 0.1114202 0.1092228 0.1095365
0.1055544 0.0987774 0.1026989 0.0986138 0.1037771 0.0993006 0.1010832 0.1027890 0.1004459 0.1028100 0.1035660 0.1019026 0.1041375 0.1024531 0.1025169 0.1004404 0.1036047 0.1011691 0.1021810 0.0974620
0.1029222 0.0991912 0.1039912 0.1010454 0.1001923 0.0998790 0.1015708 0.1002577 0.1021044 0.1006706 0.1002675 0.1012264 0.1025178 0.1021659 0.1013721 0.0983880 0.1042584 0.1004480 0.0984502 0.0988656
0.1005110 0.1011949 0.1017826 0.1016743 0.0990419 0.0995820 0.1004691 0.0977021 0.1005102 0.1000274 0.1000561 0.0979415 0.1004737 0.0981604 0.1001734 0.0986458 0.1020969 0.1012986 0.0962781 0.1002322
0.1032618 0.1056486 0.1044743 0.1047577 0.1046335 0.1016414 0.1030615 0.1026475 0.1023628 0.1039943 0.1032180 0.1022325 0.1049335 0.1015265 0.1025218 0.1024063 0.1023940 0.1033835 0.1026136 0.1034692
0.1074567 0.1095908 0.1090646 0.1087920 0.1063532 0.1054733 0.1082564 0.1053746 0.1062454 0.1070268 0.1056454 0.1043786 0.1094481 0.1069255 0.1062615 0.1062841 0.1065852 0.1065588 0.1075706 0.1067372
0.1066880 0.1064854 0.1070142 0.1068576 0.1044953 0.1045492 0.1066111 0.1065448 0.1059638 0.1066164 0.1057490 0.1032869 0.1076038 0.1067156 0.1061340 0.1074935 0.1055059 0.1056267 0.1069739 0.1037829
0.1137116 0.1130804 0.1122987 0.1124632 0.1120478 0.1117252 0.1116664 0.1112647 0.1110529 0.1128046 0.1132933 0.1117035 0.1136573 0.1136153 0.1132990 0.1136828 0.1124670 0.1119578 0.1126822 0.1127739
0.1124979 0.1122945 0.1119058 0.1124427 0.1116941 0.1112033 0.1110062 0.1120040 0.1112532 0.1118520 0.1118064 0.1117382 0.1121031 0.1121324 0.1123824 0.1128733 0.1115852 0.1119780 0.1121468 0.1122248
0.1137736 0.1130278 0.1131803 0.1135513 0.1118531 0.1127623 0.1126320 0.1120368 0.1135917 0.1121718 0.1128544 0.1135799 0.1132970 0.1136851 0.1122896 0.1131992 0.1111087 0.1130650 0.1122495 0.1133131
0.1144088 0.1128249 0.1136687 0.1137767 0.1137158 0.1123979 0.1127665 0.1114640 0.1133243 0.1132832 0.1129018 0.1130768 0.1137999 0.1132721 0.1121967 0.1124286 0.1120557 0.1137276 0.1121040 0.1135131
0.1118065 0.1110296 0.1099367 0.1108669 0.1113735 0.1105901 0.1104153 0.1106143 0.1107737 0.1108325 0.1102440 0.1102141 0.1111596 0.1104456 0.1095114 0.1106120 0.1103805 0.1116028 0.1105350 0.1110729
0.1106637 0.1097882 0.1086521 0.1088050 0.1100275 0.1084613 0.1085243 0.1094821 0.1096466 0.1103974 0.1088869 0.1085490 0.1097779 0.1088287 0.1090385 0.1096529 0.1091539 0.1101275 0.1089010 0.1096113
0.1101460 0.1096130 0.1093342 0.1103331 0.1111018 0.1083949 0.1096482 0.1097669 0.1095322 0.1107698 0.1094843 0.1095656 0.1110898 0.1088324 0.1101435 0.1100100 0.1088125 0.1105340 0.1098394 0.1100047
0.1090469 0.1099084 0.1079289 0.1094945 0.1088407 0.1094612 0.1092895 0.1093800 0.1092362 0.1097007 0.1085503 0.1093928 0.1100350 0.1089374 0.1090774 0.1096859 0.1089937 0.1095705 0.1093664 0.1098816
0.1102274 0.1105094 0.1083375 0.1107890 0.1104141 0.1090580 0.1101304 0.1105827 0.1102744 0.1097653 0.1094016 0.1097131 0.1108056 0.1097672 0.1097125 0.1099204 0.1099589 0.1106541 0.1099228 0.1103192
0.1098310 0.1111915 0.1097431 0.1103448 0.1098251 0.1096027 0.1106744 0.1095913 0.1099678 0.1086574 0.1094705 0.1100688 0.1110477 0.1102982 0.1095113 0.1094004 0.1100758 0.1095984 0.1096835 0.1107702
0.1092201 0.1099843 0.1092219 0.1094040 0.1088271 0.1088542 0.1101291 0.1096554 0.1088630 0.1084726 0.1099560 0.1095819 0.1105622 0.1092439 0.1093727 0.1101068 0.1091933 0.1091356 0.1101974 0.1097577
0.1089618 0.1088060 0.1077738 0.1080210 0.1088837 0.1080926 0.1089047 0.1102865 0.1101187 0.1083094 0.1093427 0.1086219 0.1087503 0.1090626 0.1081897 0.1096885 0.1082299 0.1089827 0.1088015 0.1096360
0.1110505 0.1098058 0.1093495 0.1097288 0.1106111 0.1088198 0.1096335 0.1103047 0.1108985 0.1089407 0.1106693 0.1099144 0.1097456 0.1113571 0.1091803 0.1110309 0.1090240 0.1092636 0.1091035 0.1094386
0.1118847 0.1095738 0.1096715 0.1111048 0.1107723 0.1088179 0.1088950 0.1098178 0.1096045 0.1109853 0.1107921 0.1102776 0.1092694 0.1096212 0.1099700 0.1117470 0.1097066 0.1101794 0.1100304 0.1091326
0.1105286 0.1086830 0.1087541 0.1110041 0.1113470 0.1084924 0.1089360 0.1103995 0.1091473 0.1103132 0.1102176 0.1097081 0.1095647 0.1086889 0.1099661 0.1109449 0.1097989 0.1095097 0.1095748 0.1093995
0.1108410 0.1091558 0.1089191 0.1101143 0.1105129 0.1086615 0.1085034 0.1110799 0.1087887 0.1098809 0.1099414 0.1089514 0.1091734 0.1075395 0.1101787 0.1108252 0.1100292 0.1093474 0.1088359 0.1085784
0.1100211 0.1100077 0.1099278 0.1106658 0.1105361 0.1087800 0.1081581 0.1118606 0.1094258 0.1109083 0.1099485 0.1102149 0.1085317 0.1082762 0.1096703 0.1107357 0.1095158 0.1090790 0.1104436 0.1086436
0.1098998 0.1098639 0.1097933 0.1105107 0.1101725 0.1097022 0.1093199 0.1103076 0.1088562 0.1101500 0.1103563 0.1096091 0.1091638 0.1094322 0.1101637 0.1100443 0.1089245 0.1076577 0.1107077 0.1082104
0.1099044 0.1098499 0.1103504 0.1108679 0.1107522 0.1089549 0.1100098 0.1104324 0.1081785 0.1106447 0.1097107 0.1099667 0.1089934 0.1093807 0.1102608 0.1098686 0.1084086 0.1081935 0.1099713 0.1087440
